-86.33 38 33.24
42.58 106.64 1.45
23.27 67.91 5.42
73.36 -118.96 38.53
-92.18 74.16 30.95
-77.74 -5.62 29.12
96.99 -54.06 45.11
97.33 69.64 7.11
112.68 -23.56 2.57
120.59 114.41 21.78
109.35 -39.58 12.06
-82.58 118.48 30.05
85.29 84.5 10.01
107.48 -30.77 26.54
124.4 -44.24 39.08
111.39 83.23 17.38
56.82 -71.59 3.15
-114.42 -39.7 39.06
-65.14 10.45 14.72
-25.71 -78.27 37.12
-42.1 38.36 45.67
-116.26 48.52 26.5
108.24 -39.7 11.91
-110.63 -90.13 15.83
-88.91 -43.42 25.88
126.46 -120.7 37.68
1.91 -126.45 22.59
-2.63 89.83 41.41
-123.5 -116.64 36.2
99.21 -21.01 26.84
-70.66 -74.01 14.38
90.88 9.67 2.93
105.83 -53.79 4.17
69.14 46.16 29.51
-87.51 -56.44 28.03
-71.92 62.09 39.02
-16.15 -118.57 25.87
-111.97 124 26.18
-107.04 21.81 39.98
125.57 41.22 0.92
-0.21 72.57 0.91
-101.12 10.11 10.34
-13.45 -102.54 4.86
-13.67 -70.58 16.16
-91.02 -85.49 39.99
88.76 8.89 15.12
-97.9 58.69 13.88
-90.11 -35.77 34.85
-103.15 -24.74 5.57
-61.68 -70.46 7.89
59.29 -72.08 35.55
-34.51 117.12 15.6
2.53 77.23 41.96
111.29 62.37 40.49
65.95 85.16 42.05
-54.18 -8.66 36.01
91.71 4.63 35.55
-39.47 13.08 38.45
73.56 -76.42 2.82
96.44 -61.78 45.61
10.5 -5.34 38.59
-49.61 -93.76 26.1
-8.51 -48.87 12.22
-15.82 -101.95 18.91
51.25 -121.86 22.24
-91.26 86.59 11.7
-93.03 -62.23 17.7
93.68 102.85 20.8
44.27 48.99 29.25
-126.76 101.72 43.81
35.32 -98.07 1.31
-116.58 -124.14 0
41.6 -73.26 10.7
107.33 51.6 36.67
-38.5 12.94 27.24
-121.75 -22.06 26.02
24.66 -75.07 23.84
119.64 -82.48 40.87
92.26 -112.43 16.15
-60.73 93.58 34.09
44.86 -117.13 45.74
-72.73 104.28 31.2
92.62 -4.04 11.61
44.25 108.6 38.16
19.26 99.71 17.47
-48.8 107.24 12.63
-70.49 30.29 34.13
69.78 13.07 23
-26.61 119.6 37.24
-75.92 -88.13 21.5
-59.72 15.84 39.4
-113.96 114.56 0.5
-65.15 125.16 16.57
-82.43 -88.29 41.61
-81.78 -65.88 21.96
-107.59 -119.71 33.65
6.32 66.55 1.62
115.34 101.72 21.69
45.63 -90.17 37.35
-83.52 -78.62 15.42
-17.89 -2.25 23.25
9.7 -43.66 25.83
78.98 49.01 3.34
-32.66 31.93 10.05
-104.52 76 15.41
-61.45 -92.38 11.77
-6.22 82.43 6.73
-110.87 -23.28 30.1
118.32 -28.05 13.31
123.88 30.9 39.89
-94.55 -49.86 21.4
71.58 -49.41 14.05
-49.19 105.29 39.08
123.97 -54.44 31.27
-85.59 44.4 29.74
-86.23 41.83 25.92
-3.99 -122.41 2.28
-113.16 -75.14 42.7
-8.53 94.03 15.63
-75.37 -112.29 27.4
-42.58 38.13 1.04
79.32 108.05 7.39
-81.78 -103.53 14.48
16.64 -87.25 17.12
-57.22 99.62 9.85
-108.56 -89.6 15.08
-79.3 -35.77 18.72
39.87 -84.37 1.03
-96.73 -92.31 31.65
-99.57 33.88 45.37
-77.37 38.81 24.42
-33.4 19.58 8.88
-116.1 111.43 40.2
106.67 39.83 3.26
-105.62 -40.71 0.48
6.59 4.66 22.55
60.26 97.25 23.01
62.96 -47.85 24.42
-19.87 80.96 6.72
-4.94 88.29 20.05
-61.88 -27.07 5.36
-40.59 103.94 22.52
-92.62 51.55 39.31
112.41 105.11 23.86
30.5 -119.66 37.53
-42.48 2.62 15.54
-15.66 -38.44 10.24
110.13 -3.72 36.8
116.58 21.55 35.64
-46.24 -39.91 44.61
91.48 126.53 38.2
-122.77 105.69 14.59
119.19 -57.97 3.81
-94.08 -81.87 28.89
1.38 -108.9 43.34
44.61 -23.07 43.69
-119.31 -70 33.64
83.15 12.15 22.39
15.88 -58.46 31.1
-58.26 28.15 7.41
-2.21 20.98 27.88
-51.68 16.89 31.08
-36.1 53.63 28.84
-22 60.85 32.71
-102.33 68.95 14.25
39.29 -4.02 43.93
-67.2 -34.51 33.28
80.64 -4.95 40.16
-64.74 11.87 35.64
-72.14 -17.38 1.64
-116.85 41.73 12.41
-21.38 25.31 22.68
-61.98 -88.93 21.12
-65.7 85.09 36.56
83.93 56.52 42.45
-68.52 -89.88 25.14
120.58 -77.96 3.52
-44.21 120.23 42.66
55.98 88.96 10.33
-48.78 -9.08 19.25
-17.42 49.07 4.3
123 -45.01 44.48
-123.6 -82.25 22.67
106.97 -63.03 22.51
-39.7 -47.75 14.29
-22.6 -122.53 0.55
-12.08 -125.46 22.46
105.46 -13.31 36.63
41.15 85.75 21.28
-0.3 6.64 7.62
-101.76 85.69 8.23
-47.67 -75.9 3.36
-37.22 -70.64 32.64
109.49 -10.95 43.04
18.23 9.7 32.68
-121.15 29.73 40.94
-17.74 -1.28 39.4
5.19 44.11 9.89
67.65 79.85 24.5
-54.91 -114.34 11.74
17 35.73 41.61
-52.32 -11.69 2.26
112.22 63.79 44.52
-57.09 -52.36 0.64
125.55 -36.26 26.21
37.47 118.89 29.95
-32.5 24.54 43.12
-20.61 -63.88 10.67
122.15 -18.77 29.34
-63.14 79.58 11.06
71 -68.08 29.32
102.74 -21.79 21.22
-94.24 -71.52 27.82
45.76 97.11 28.56
87.25 84.86 35.69
-49.66 -127.32 18.91
-56.17 -4.73 32.71
32.12 71.27 0.45
128.85 41.37 39.13
14.5 71.11 6.49
13.54 64.81 3.67
109.93 2.72 42.3
101.42 -90.23 10.02
101.81 14.23 29.23
-73.05 -4.73 36.1
41.58 88.87 14.28
126.58 -110.4 23.86
44.1 -24.72 34.41
30.03 90.65 36.81
-122.5 -40.02 30.61
-21.44 119.78 31.35
69.75 5.86 13.6
95.48 62.92 13.4
-43.65 -106.01 15.92
-13.72 -73.31 10.94
55.52 -45.68 13.08
52.97 -14.51 27.41
61 -104.52 1.51
-68.67 -49 28.9
126.19 -80.22 5.44
128.87 0.25 19.38
-88.07 111.11 42.34
-86.03 87.29 30.05
-120.08 -24.51 4.79
3.77 -54.07 10.97
77.76 -126.18 8.59
-12.11 31.49 44.72
-27.92 83.08 37.03
79.07 -66.26 14.11
-126.39 -122.1 21.83
-32.68 -118.59 32.13
-92.04 -87.85 2.99
-37.2 75.32 35.84
-83.83 -83.3 11.82
-64.77 19.05 43.95
-27.84 -126.22 9.58
-49.5 1.29 23.95
-19.24 126.99 8.65
-118.92 -123.57 29.14
17.55 12.73 44.48
126.86 -39.54 21.17
109.16 92.91 13.12
51.93 -31.85 39.57
-47.48 108.51 11.26
21.55 -74.06 4.97
110.65 72.61 20.78
45.4 114.47 7.7
35.89 -49.51 21.65
-15.18 -105.68 18.67
124.82 71.41 9.87
-104.21 25.38 25.47
-77.54 46.59 13.22
39.86 -13.72 36.6
84.77 123.03 5.31
-86.45 -65.94 12.21
-50.19 -63.45 31.24
-56.65 -59.26 5.98
124.53 112.35 33.88
58.32 -6.2 8.78
-102.99 -95.01 17.63
-65.27 79.45 33.74
-119.47 25.87 31.1
11.65 105.29 45.12
-15.19 -104.1 19.05
119.32 6.2 27.31
21.93 116.78 20.06
58.66 -72.03 16.94
-18.12 -87.16 9.78
-98.85 50.84 14.06
100.97 -22.1 19.85
-33.01 -43.9 9.13
45.85 -66.2 43.67
35.44 -71.93 36.27
-66.69 85.71 10.93
-31.63 86.04 27.06
-69.78 10 36.37
98.88 31.89 45.81
115.84 65.61 23.17
121.82 21.65 35.04
50.95 33.21 8.81
118.06 -69.57 7.8
18.68 -47.87 38.51
103.79 113.4 21.33
7.63 52.53 14.95
79.74 -117.65 12.76
80.25 88.08 35.56
77.32 67.4 15.62
-115.38 -121.64 33.02
100.8 72.76 42.93
-97.54 43.73 7.8
77.72 -114.93 1.66
-98.12 17.68 25.96
-93.91 39.36 1.62
-13.58 -106.78 40.48
-66.32 -54.86 32.9
123.59 -42.05 13.4
6.99 -63.09 31.81
-73.47 4.29 25.42
-88.17 -15.86 12.44
95.29 -35.36 31.7
-28.53 -75.13 38.76
121.4 98.9 20.1
102.45 52.7 35.89
-73.22 -20.94 14.35
-27.04 121.88 9.79
-68.1 -94.35 7.05
114.67 -28.66 11.57
20.45 105.18 6.44
48.63 83.64 5.23
-1.96 119.27 19.92
111.63 -124.37 39.65
74.45 -21.05 43.22
73.51 14.55 35.38
-11.18 -61.46 4.07
-40.62 16.9 13.54
61.23 -4.22 12.81
-110.67 82.94 12.46
-23.55 -83.84 0.89
-31.37 -5.03 9.3
-33.92 -118.26 42.72
-114.45 -75.39 6.06
89.75 -15.81 25.32
-115.21 72.83 13.36
96.18 16.28 11.77
72.91 125.95 6.01
-72.68 -47.2 17.07
-17.26 110.9 6.41
-117.71 -28.26 26.91
-17.13 8.39 35.53
-26.19 75.05 26.79
25.39 -41.02 15.39
89.21 53.26 36.38
28.81 113.78 23.23
87.34 -19.51 34.07
71.41 22.46 21.37
38 72.9 6.35
-42.9 -39.18 40.89
106.74 -34.78 41.66
41.38 -43.89 1.67
-84.33 -45.58 45.47
48.17 -23.77 22.03
108.51 -99.64 28.67
104.05 95.62 1.75
-108.69 13.44 1.03
-80.85 126.19 16.91
-42.67 105.42 17
93.78 116.57 33.93
82.03 -3.67 4.71
-48.1 -115.59 28.47
-88.42 94.02 23.9
108.68 -74.05 17.08
-102.58 -35.01 4.78
59.57 -87.53 17.45
-116.87 -69.9 5.85
-100.96 82.03 42.69
-113.71 70.74 13.3
60.44 71.18 7.63
-107.27 95.31 31.11
87.98 90.03 28.79
-87.57 2.88 45.34
-43.78 -83.89 16.51
-74.23 -10.24 42.2
95.48 -57.21 33.57
-71.38 13.62 8.7
-123.27 13.86 0.17
-21.08 -50.33 19.65
-18.68 48.81 25.3
50.31 69.52 0.72
-52.93 88.28 11.9
11.77 103.36 19.43
7.33 -75.07 44.74
15.82 -49.39 10.62
77.97 -73.77 12.17
87.03 41.83 17.59
127.86 -115.35 5.4
119.97 -86.5 26.21
47.81 -68.29 9.99
40.79 -46 24.61
-88.95 -40.72 33.22
-121.4 -14.65 39.14
-92.07 -58.39 18.38
89.38 17.55 31.71
-72.48 9.33 9.65
84.01 79.59 43.48
-96.08 -125.67 7.03
-35.89 -54.32 13.98
90.48 -103.53 17.31
27.75 27.49 44.99
-50.57 61.54 45.34
5.67 -105.07 6.66
-14.92 82.84 18.67
-102.31 -75.89 34.9
-97.57 -65.01 6.95
121.58 -14.42 25.89
11.4 92.64 35.26
32.03 126.12 32.7
-100.05 -13.14 33.09
92.83 -116.1 16.86
1.81 -12.98 35.62
82.65 -110.68 19.28
93.89 -74.17 39.65
35.45 90.21 9.2
-50.27 77.51 43.36
15.01 39.1 40.9
-74.29 84.35 37.82
-101.82 81.12 19.98
11.62 47.92 35.47
24.03 34.15 11.58
-115.55 -74.01 3.72
33.62 76.73 42.38
41.42 -74.97 1.25
-39.99 -44.18 21.36
108.39 -63.79 8.63
7.75 -85.19 8.61
-49.98 73.95 40.16
103.07 -12.16 0.59
-77.42 100.68 5.19
-82.59 25.64 13.15
-22.71 -57.85 43.36
-76.41 58.52 33.41
-120.52 -40.02 32.24
67.33 -115.62 26.62
119.84 -40.22 23.85
-25.76 -69.95 28.65
-14.93 12.84 14.9
-59.09 -20.15 42.9
111.98 113.18 27.24
110.76 -31.31 30.27
29.68 70.02 0
-102.82 106.84 9.56
-19.68 19.14 33.39
-66.8 -94.46 10.41
-34.58 113.21 20.46
-10.91 -106.92 27.33
-1.96 43.42 28.6
-68.8 103.78 37.13
85.91 -104.85 12.61
-44.89 9.51 16.7
39.07 -87.16 3.01
-30.42 -106.1 39.12
78.6 26.72 10.76
51.73 -29.49 3.28
-109.39 -55.97 23.07
8.51 92.92 30.19
69.07 7.05 12.83
-0.91 -47.62 36.71
-7.46 7.14 33.29
104.66 26.56 44.7
-88.34 -86.17 18.53
-94.09 103.86 39.29
-85.83 72.56 2.52
-57.34 -116.4 9.31
-71.33 -51.02 26.2
75.07 -106.84 16.42
95.63 -81.53 39.3
85.43 -105.86 20.17
-78.8 -91.08 40.54
-22.07 -46.25 28.12
-101.49 -94.21 41.77
63.61 -50.28 26.44
-121.37 -15.54 14.08
-49.7 112.64 26.46
88.81 4.11 8.91
106.23 -91.09 43.3
100.69 -56 11.17
-123.86 -74.59 2.67
-38.47 25.73 41.03
-29.84 -43.33 3.02
-37.43 26.67 30.66
-38.29 8.45 12.38
44.47 30.92 33.57
-7.47 104.8 16.3
-73.8 -37.23 4.86
-111.11 -28.56 16.1
86.19 -115.73 27.19
20.16 4.96 17.58
-114.07 95.49 42.72
75.94 104.33 8.29
63.28 -105.59 27.88
47.33 86.7 29.61
116.08 116.62 30.78
29.97 49.38 25.83
-63.05 -57.67 31.57
-123.66 57.35 22.93
-17.07 -109.49 16.94
-40.26 71.97 29.95
101.92 90.37 22.13
-17.9 -120.72 13.86
5.4 87.69 2.93
-3.38 -48.73 35.94
96.13 -55.87 23.64
118.95 -98.19 36.09
-107.32 25.11 42.35
-28.67 99.62 39.77
45.4 -9 18.58
17.54 13.3 35.95
68.23 61.27 15.11
-107.46 24.53 27.21
97.28 35 21.71
-109.48 -4.69 24.34
-77.14 -77.52 21.65
75.12 -61.48 3.87
-78.43 -14.44 22.5
69.01 58.99 10.44
78.75 36.5 30.66
45.01 -36.57 27.8
35.18 -66.37 24.29
-67.46 4.79 31.66
98.77 -46.98 23.92
53.72 22.23 21.48
109.97 11.08 23.93
84.81 -9.9 34.56
78.65 -94.31 31.53
66.84 52.45 36.33
-118 46.94 27.85
-36.19 -85.44 10.72
116.01 99.35 12.71
101.37 -8.32 35.95
2.03 30.11 13.34
-7.07 -111.39 4.58
-46.94 -76.57 24.27
-47.16 -43.07 29.24
-46.18 1.27 17.46
-80.11 109.37 34.59
-58.44 -89.97 28
6.25 -58.05 40.15
-107.94 -29.59 21.98
-87.87 -117.88 8.57
21.39 -115.06 26.43
40.11 -38.45 0.47
-41.1 -109.73 9.54
-99.28 -92.59 41.46
10.13 -8.71 1.03
-126.07 -17.13 40.79
-109.75 70.6 0.07
111.92 -20.83 35.03
-39.07 -25.89 15.28
61.48 -104.08 40.54
108.53 86.47 2.26
-0.96 87.71 22.05
31.56 35.67 25.19
74.66 -64.54 27.87
8.12 57.99 14.97
45.28 -114.96 20.68
42.96 83.2 38.18
-11.81 -19.26 36.59
-85.86 -86.97 18.51
124.14 11.51 23.9
89.83 -77.16 20.86
44.48 -69.03 10.68
110.48 -2.18 15.69
-5.23 115.04 24.43
59.11 -119.08 36.9
120.9 -115.26 31.74
-65.27 40.18 1.33
-52.89 17.63 22.49
87.45 -64.8 32.71
-95.79 -32.43 33.82
120.22 119.06 30.89
-22.55 -112.77 34.5
-86.64 -73.94 2.13
-125.2 -39.57 13.45
58.49 -10.86 5.27
15.04 -41.83 17.55
-48.14 65.98 9.11
25.58 -1.25 28.32
-23.04 0.12 20.29
91.36 -97.47 38.7
-37.48 81.97 17.01
50.93 38.16 0.28
98.25 -111.04 33.44
-99.74 -75.42 24.21
99.08 94.28 37.47
85.8 10.28 32.26
-34.23 -77.53 31.31
82.84 -18.31 35.56
-65.55 -26.84 10.97
-39.1 -104.51 29.86
-126.25 -91.23 10.87
-43.18 -61 16.89
-21.85 58.1 20.99
42.07 102.04 3.85
35.92 -69.88 6.83
60.29 47.33 40.64
-88.43 102.1 26.08
-56.68 -26.16 23.01
-70.17 87.92 4.87
-21.9 38.35 7.15
69.77 76.34 45.33
-33.14 53.34 43.49
1.84 -86.08 18.22
72.13 77.73 28.6
-102.47 -5.78 16.37
-88.94 -79.03 43.36
-50.01 -107.02 19.47
-71.08 93.96 1.28
47.42 -91.05 14.37
-18.33 42.93 31.46
-116.76 -62.35 3.06
-76.08 -76.25 32.61
-101.82 -43.73 26.96
-63.59 -43.1 18.15
-9.77 -21.56 30.37
-108.07 22.71 34.77
-118 70.85 35.18
97.06 92.08 5.25
-11.2 74.7 20.47
-102.64 -92 25.64
-1.6 122.04 23.66
79.7 -76.94 26.56
50.66 75.78 31.74
-107.09 124.32 38.96
51.9 -15.93 0.46
26.02 -112.74 5.06
-37.5 89.79 20.22
69.01 7.76 36.57
60.38 26.44 1.8
82.43 -116.39 25.39
-108.1 105.79 4.19
-21.16 4.77 35.13
77.71 -12.61 34.21
42.34 11.58 10.69
-103.96 44.02 13.38
-1.35 52.81 31.23
57.71 88.82 22.16
90.19 64.13 43.51
18.83 124.38 22.84
43.01 -62.67 45.14
22.95 124.41 38.77
-103.35 -25.62 16.67
21.87 111.22 17.41
95.04 -49.32 23.72
-98.26 30.37 25.41
-36.82 47.74 24.46
90.24 -100.19 2.4
-91.04 -73.73 9.18
51.41 -26.09 23.59
-71.83 89.43 42.64
23.57 20.66 29.46
28.89 7.45 23.52
-94.74 -15.16 7.5
-2.54 126.7 30.95
-100.77 7.56 26.1
-84.08 30.9 41.52
3.15 -114.39 34.84
120.34 11.82 16.36
13.9 -98.18 22.16
92.25 123.1 10.82
-33.07 -74.46 39.95
106.38 110.2 21.83
93.96 122.9 0.89
-21.17 68.29 37.79
-19 -99.55 35.51
-79.37 -24.93 22.76
-24.89 115.64 4.31
2.98 119.55 33.57
-99.36 13.1 34.65
28.65 -92.6 19.42
-55.06 120.7 9
50.06 77.96 1.11
-78.85 92.75 6.48
119.79 104.21 2.97
-32.91 43.71 14.22
3.97 77.99 26.2
40.84 -98.85 33.85
53.99 -125.92 36.69
-1.21 -93.93 15.06
77.75 -114.76 7.74
-70.72 3.45 11.14
-24.32 103.07 21.04
-50.03 99.55 35.43
48.97 37.36 5.33
27.3 101.04 39.88
70.54 -12.24 21.15
-31.69 -123.25 38.14
72.57 -43.62 1.47
-25.82 8.31 3.19
126.9 112.72 45.02
117.28 10.98 29.45
8.22 77.94 25.44
51.47 5.85 42.23
-93.47 55.3 29.66
104.12 -26.82 45.42
74.06 -64.16 27.7
-29.5 -16.89 32.95
-36.8 16.83 4.92
-40.16 48.87 18.43
-116.41 5.16 30.32
-101.17 26.15 38.16
-76.61 58.05 33.46
-12.25 18.87 24.3
95.35 -120.27 30.73
112.86 29.85 16.45
34.85 -91.65 1.83
2.96 -39.15 32.21
-119.18 83.88 1.36
-63.35 -124.02 32.86
66.76 -33.79 18.45
-107.36 57.72 3.7
-52.46 -43.2 30.91
-68.9 -91.33 45.75
-70.01 -85.1 24.56
98.03 75.67 39.42
-19.34 81.86 19.98
-94.36 -70.35 2.4
-52.86 -47.88 18.38
97.25 -80.51 41.79
-38.62 7.21 23.91
42.39 22.65 26.73
-90.3 -110.47 30.08
-117.71 98.89 35.71
16.59 -0.28 30.66
-96.3 27.99 11.5
-47.64 -40.94 33.13
-57.29 69.73 1.73
40.02 16.17 45.53
41.95 82.13 14.7
87.05 9.33 27.52
18.19 87.93 29.65
-110.56 17.71 29.99
-56.04 -66.48 44.53
-94.1 -97.43 30.09
83.86 23.59 3.35
-127.99 60.69 42.31
-2.26 -40.57 40.16
-9.89 -46.78 1.57
89.74 27.83 24.95
-105.17 -64.97 24
42.8 61.05 42.58
-75.43 13.2 14.56
-114.68 91.82 17.2
34.74 4.94 15.64
-105.86 -109.1 29.55
-71.33 10.31 33.8
-35.72 31.2 17.91
40.87 26.26 13.59
-85.8 -115.86 18.47
-12.66 -108.49 16.78
64.89 -79.24 34.9
15.72 95.01 36.44
92.39 -78.73 13.86
46.27 -121.77 41.14
7.44 -88.31 28.76
-2.48 -47.63 27.88
73.88 -58.26 1.15
-122.44 122.16 6.29
72.84 118.49 28.26
-26.98 -113.84 29.52
127.55 -18.56 12.43
14.99 24.21 1.13
0.93 -99.4 33.74
-53.99 -116.92 25.26
121.91 -7.71 10.77
42.08 47.22 10.37
105.03 -111.88 7.53
39.99 115.02 2.69
-56.71 97.38 38.26
-112.66 -28.52 31.03
123.18 -41.63 41.79
19.44 55.61 11.76
-19.55 123.72 30.96
1.35 30.29 36.32
-100.42 66.2 20.24
-114.74 87.83 41.74
-24.12 84.64 26.77
-77.58 -85.77 40.25
7.42 115.49 33.9
-4.72 83.04 1.09
-21.21 -66.17 2.32
-34.01 122.47 3.9
-34.41 118.39 22.8
-38.22 70.56 22.44
-54.75 -113.02 40.8
15.64 -92.28 17.93
-27.95 -95.67 19.87
21.38 -59.36 28.99
21.08 -109.62 12.38
-106.41 -116.56 38.69
127.18 -108.42 35.61
32.9 -43.74 15.04
98.68 38.47 14.66
-83.35 67 29.73
75.68 115.79 4.28
-81.42 -89.33 38.34
67.69 -120.3 23.35
80.11 -119.5 26.45
-9.46 76.17 1.42
-95.27 117.79 17.88
123.86 81.09 40.21
-55.19 -112.8 31.54
65.84 -83.01 22.29
-88.43 -104.35 34.49
-51.08 45.19 17.13
-37.83 -33.4 23.53
48.62 107.54 16.34
15.5 70.45 12.47
11.61 48.59 30.85
-80.82 -15.32 12.5
108.99 24.35 2.92
-66.18 -116.84 23.58
86.99 -20.43 14.71
112.8 128.06 5.86
-37.48 -86.65 17.28
102.6 -26.51 18.85
-0.43 39.41 32.93
6.33 -3.32 43.35
-36.04 -49.39 25.84
95.99 -101.51 4.06
40.87 -44.31 23.88
-108.17 -68.42 12.38
60.2 -8.42 43.23
55.98 -69.3 37.96
13.88 38.46 36.75
28.19 78.97 35.54
91.58 12.91 1.37
-11.68 -45.64 4.58
126.85 -20.16 9.27
88.26 10.36 15.7
-3.52 -45.01 45.73
-3.49 76.17 35.71
6.29 127.44 10.67
60.28 -51.66 31.57
71.81 -125.59 1.49
57.99 4.99 11.45
-50.99 128.83 29.35
51.95 90.7 29.17
-5.48 -111.27 2.55
-28.3 10.3 24.65
-97.2 45.58 28.08
-2.33 1.28 18.99
83.7 35.12 16.64
-122.16 22.11 4.68
35.26 117.66 0.88
-50.35 99.47 40.59
-103.29 54.1 41.66
-91.3 -89.75 6.74
-53.57 49.36 1.16
-114.66 -22.39 41.15
-27.18 -11.18 40
-94.63 85 12.64
106.95 -106.71 35.88
83.44 -9.25 17.9
-111.81 62.95 6.07
-53.26 91.56 8.32
-127.78 -43.47 5.55
9.25 -65.72 15.27
-36.1 -34.46 43.92
20.18 -63.44 36.82
60.39 99.93 41.69
-60.67 79.92 31.26
60.8 -15.39 13.07
-118.55 -63.79 44.82
-106.09 -125.85 23.43
70.71 77.35 35.12
99.67 122.52 26.28
112.29 -34.01 31.51
55.41 -26.17 26.44
-65.23 95.02 10.02
-18.51 47.75 40.38
13.95 -98.95 12.23
1.41 20.3 45.2
36.43 67.74 38
70.75 -24.7 24.22
43.9 4.52 28.82
72.88 -5.4 5.23
88.59 33.43 29.84
-69.32 72.98 44.79
-59.87 50.47 38.71
-70.56 -92.52 14.53
-31.12 125.25 5.9
58.46 -106.25 6.78
-25.97 -74.23 38.48
-3.06 42.29 10.38
-24.28 -22.38 27.67
-50.35 66.59 24.89
-70.81 14.4 36.32
-6.78 86.61 28.41
-33.68 90.61 32.13
52.45 25.1 20.7
68.96 -29.86 7.1
-44.48 -17.29 14.3
86.61 53.51 12.83
55.58 48.95 12.14
-39.16 -34.88 7.41
22.9 -78.89 41.82
1.87 -118.5 37.68
49.84 119.35 40.05
52.92 -59.5 24.6
-115.41 -116.77 21
112.56 -5.52 7.07
-70.09 128.82 6.19
73.79 55.19 25.01
78.24 -20.75 37.83
-13.12 -37.37 20.34
-113.49 -8.76 25.67
68.4 -89.45 20.61
-8.73 -36.61 6.37
52.48 118.48 35.21
-96.25 -54.86 3.62
-74.24 -14.42 19.84
23.66 54.56 4.29
-5.71 14.43 12.01
-41.8 -8.64 26.82
115.66 59.93 2.79
71.87 -98.03 10.94
35.53 0.03 40.2
5.53 -97.67 19.65
34.8 110.66 22.68
-13.72 20.44 33.49
-55.97 -90.6 5.1
-114.18 51.87 43.61
124.99 105.18 29.58
-37.42 -52.22 30.57
19.21 89.56 11.6
-81.57 -33.59 7.52
56.11 -21.07 17.81
-74.4 37.71 18.94
73.35 -75.45 13.23
8.88 -99.9 27.32
-85.9 26.19 20.89
20.51 -30.77 3.49
-4.93 -6.16 19.12
-46.96 -0.38 25.51
23.32 83.38 29.28
99.26 -5.55 28.05
115.57 44.01 37.27
-74.47 -88.58 27.49
-87.45 -113.52 19.15
41.73 53.49 45.69
68.7 -31.32 38.78
-22.19 -25.14 37.31
38.59 -113.11 34.38
-12.28 -31.44 21.47
-105.89 -78.81 25.05
112.88 26.45 9.92
-49.24 -86.97 13.99
109.67 66.14 45.93
27.54 -21.69 31.26
-119.01 48.74 30.12
101.57 -44.09 40.29
-85.39 53.96 34.83
49.54 -24.98 11.76
83.81 -34.77 32.43
115.69 70.89 39.99
-92.21 -5.48 31.5
-64.55 25.71 27.9
35.77 -122.81 12.28
54.22 -14.15 38.84
98.84 -75.85 9.81
-71.41 68.46 4.27
3.21 -50.82 24.5
61.61 -126.42 26.71
84.02 -105.8 0.53
-44.14 105.35 10.13
100.92 106.65 32.36
-73.54 40.12 42.15
94.26 -56.27 6.8
111.9 94.14 3.57
2.49 -118.15 0.02
112.74 -115.52 25.38
18.37 -23.08 10.43
-84.19 -98.09 27.84
-6.15 -117.01 44.86
6.5 -13.15 32.08
27.99 -38.04 31.31
-79.98 -68.63 26.77
-126.49 -61.37 27.05
-63.33 2.55 5.95
-41.28 37.7 8.21
32.23 -108.35 26.35
104.99 17.92 10.24
-96.34 87.22 24.18
-97.08 -95.39 22.28
68.49 -92.74 0.78
-83.62 -115.56 7.39
-95.6 -85.34 9.48
-56.49 -70.49 28.57
-35.91 18.76 6.23
87.54 -15.94 9.99
-92.7 -68.42 10.84
